Classification Report: Decision Tree
================================================================================
              precision    recall  f1-score   support

           1       1.00      1.00      1.00        19
           2       1.00      1.00      1.00        21
           3       0.91      0.95      0.93        22
           4       0.97      0.94      0.96        34
           5       1.00      1.00      1.00        35
           6       1.00      1.00      1.00        30
           7       1.00      1.00      1.00        28
           8       1.00      1.00      1.00        33
           9       1.00      1.00      1.00        31
          10       1.00      1.00      1.00        38

    accuracy                           0.99       291
   macro avg       0.99      0.99      0.99       291
weighted avg       0.99      0.99      0.99       291
