Classification Report: Random Forest
================================================================================
              precision    recall  f1-score   support

           1       1.00      1.00      1.00        19
           2       1.00      1.00      1.00        21
           3       1.00      0.95      0.98        22
           4       0.97      1.00      0.99        34
           5       1.00      1.00      1.00        35
           6       1.00      1.00      1.00        30
           7       1.00      1.00      1.00        28
           8       1.00      1.00      1.00        33
           9       1.00      1.00      1.00        31
          10       1.00      1.00      1.00        38

    accuracy                           1.00       291
   macro avg       1.00      1.00      1.00       291
weighted avg       1.00      1.00      1.00       291
